0 549800.000000
1 490400.000000
2 486200.000000
3 487800.000000
4 487700.000000
5 482500.000000
6 486600.000000
7 482600.000000
8 481900.000000
9 483100.000000
10 483400.000000
11 486600.000000
12 484300.000000
13 481400.000000
14 484300.000000
15 483500.000000
16 480700.000000
17 521300.000000
18 483200.000000
19 485600.000000
20 492800.000000
21 535000.000000
22 488300.000000
23 509300.000000
24 493000.000000
25 484900.000000
26 486500.000000
27 656100.000000
28 492200.000000
29 537600.000000
30 610500.000000
31 488400.000000
32 580600.000000
33 490400.000000
34 585200.000000
35 489100.000000
36 488600.000000
37 485700.000000
38 506400.000000
39 489000.000000
40 487700.000000
41 504300.000000
42 493400.000000
43 504000.000000
44 484000.000000
45 485100.000000
46 488300.000000
47 539000.000000
48 485900.000000
49 486000.000000
50 487300.000000
51 484200.000000
52 491900.000000
53 498800.000000
54 488200.000000
55 510900.000000
56 493800.000000
57 485100.000000
58 488300.000000
59 488700.000000
60 772800.000000
61 490500.000000
62 487900.000000
63 488400.000000
64 483300.000000
65 484600.000000
66 491700.000000
67 489300.000000
68 484800.000000
69 487000.000000
70 484000.000000
71 490600.000000
72 484400.000000
73 504100.000000
74 493900.000000
75 500300.000000
76 483200.000000
77 499200.000000
78 491600.000000
79 793300.000000
80 487000.000000
81 491800.000000
82 484600.000000
83 497300.000000
84 486800.000000
85 514600.000000
86 522200.000000
87 488200.000000
88 492600.000000
89 485000.000000
90 487000.000000
91 489900.000000
92 485900.000000
93 489100.000000
94 486800.000000
95 488800.000000
96 487700.000000
97 499500.000000
98 542600.000000
99 523400.000000
