0 29181000.000000
1 40797000.000000
2 23699300.000000
3 23857500.000000
4 23749200.000000
5 23636700.000000
6 26204900.000000
7 23771000.000000
8 24915600.000000
9 25168800.000000
10 23626300.000000
11 35953800.000000
12 23794100.000000
13 23568100.000000
14 23705500.000000
15 23631800.000000
16 24175900.000000
17 23743600.000000
18 25899400.000000
19 23567900.000000
20 27484700.000000
21 23798600.000000
22 23603400.000000
23 23510800.000000
24 26170500.000000
25 23716400.000000
26 23957600.000000
27 25042400.000000
28 23967600.000000
29 24002600.000000
30 24071600.000000
31 24349400.000000
32 23615000.000000
33 24338700.000000
34 24217100.000000
35 25570300.000000
36 23881600.000000
37 24344100.000000
38 24407200.000000
39 25294700.000000
40 23632700.000000
41 23529000.000000
42 23888500.000000
43 23914400.000000
44 23547200.000000
45 24047700.000000
46 24209200.000000
47 56772500.000000
48 26738600.000000
49 23803500.000000
50 23536400.000000
51 23586600.000000
52 24910700.000000
53 26389300.000000
54 23558400.000000
55 23598100.000000
56 23602100.000000
57 23681900.000000
58 27864100.000000
59 24257800.000000
60 23928300.000000
61 23733600.000000
62 23738000.000000
63 23872800.000000
64 23659900.000000
65 23619500.000000
66 24408700.000000
67 25241200.000000
68 23663200.000000
69 28757500.000000
70 25661300.000000
71 23625800.000000
72 24738400.000000
73 24297200.000000
74 23624900.000000
75 24876400.000000
76 24366400.000000
77 23593200.000000
78 52698500.000000
79 25232100.000000
80 25774700.000000
81 23634700.000000
82 24289700.000000
83 23540900.000000
84 23625200.000000
85 23679900.000000
86 23522200.000000
87 23533900.000000
88 23773000.000000
89 24628700.000000
90 25341600.000000
91 23500000.000000
92 24210600.000000
93 23504400.000000
94 24762800.000000
95 23611400.000000
96 23677000.000000
97 23640300.000000
98 23641500.000000
99 23579200.000000
100 23676600.000000
101 24688600.000000
102 25014800.000000
103 23442300.000000
104 24259600.000000
105 24092200.000000
106 23881400.000000
107 23977000.000000
108 23750800.000000
109 24902400.000000
110 23489600.000000
111 24024100.000000
112 24205100.000000
113 25535400.000000
114 23524100.000000
115 24936500.000000
116 24579200.000000
117 23866300.000000
118 23530700.000000
119 23641400.000000
120 23759400.000000
121 24942400.000000
122 23666200.000000
123 23653500.000000
124 24052800.000000
125 24177300.000000
126 55196000.000000
127 25199300.000000
128 23720600.000000
129 23535200.000000
130 23771800.000000
131 23702400.000000
132 24419900.000000
133 24182700.000000
134 26144300.000000
135 23494000.000000
136 23554200.000000
137 24913700.000000
138 23514800.000000
139 24210700.000000
140 24217700.000000
141 23628200.000000
142 23714200.000000
143 23660000.000000
144 23724000.000000
145 23788000.000000
146 23693700.000000
147 24772400.000000
148 24299000.000000
149 52208100.000000
150 25778700.000000
151 23896900.000000
152 24109000.000000
153 26232100.000000
154 23646600.000000
155 54450600.000000
156 24200900.000000
157 23738100.000000
158 24392600.000000
159 27355100.000000
160 53697700.000000
161 23699900.000000
162 25160700.000000
163 24228900.000000
164 23910700.000000
165 23638100.000000
166 23851400.000000
167 24317800.000000
168 23555700.000000
169 23745400.000000
170 24380700.000000
171 24143000.000000
172 26180100.000000
173 23593200.000000
174 23606400.000000
175 24165200.000000
176 24830200.000000
177 24355100.000000
178 25558700.000000
179 23616300.000000
180 23662000.000000
181 23609600.000000
182 24536600.000000
183 23680600.000000
184 23935800.000000
185 24245700.000000
186 24052900.000000
187 25012400.000000
188 23617700.000000
189 23481500.000000
190 25274000.000000
191 23723300.000000
192 24144400.000000
193 23628200.000000
194 23840600.000000
195 24008000.000000
196 23772000.000000
197 24077700.000000
198 24890700.000000
199 23602200.000000
200 24283500.000000
201 23822900.000000
202 23607800.000000
203 24671600.000000
204 23525900.000000
205 24231200.000000
206 55068300.000000
207 24082700.000000
208 23602800.000000
209 23785400.000000
210 23682300.000000
211 23627500.000000
212 24974200.000000
213 26790100.000000
214 24227300.000000
215 55041000.000000
216 23603600.000000
217 23826200.000000
218 23622400.000000
219 53496600.000000
220 24328500.000000
221 23845400.000000
222 55681200.000000
223 23711300.000000
224 25164800.000000
225 24283400.000000
226 25695600.000000
227 23574600.000000
228 24223600.000000
229 23479600.000000
230 23671800.000000
231 23713100.000000
232 23684100.000000
233 24214300.000000
234 24400500.000000
235 23569400.000000
236 23699500.000000
237 23589500.000000
238 23638800.000000
239 23587700.000000
240 25649100.000000
241 50351300.000000
242 24892300.000000
243 24297900.000000
244 24769100.000000
245 23592400.000000
246 23595100.000000
247 23723000.000000
248 23601600.000000
249 24921200.000000
250 23532100.000000
251 25595000.000000
252 23663500.000000
253 23632000.000000
254 23811000.000000
255 54158400.000000
256 25254200.000000
257 24610400.000000
258 23609600.000000
259 23657300.000000
260 24314300.000000
261 23719900.000000
262 28245900.000000
263 23600200.000000
264 23602400.000000
265 23654400.000000
266 55526700.000000
267 23821900.000000
268 24526300.000000
269 23657500.000000
270 24338500.000000
271 23466200.000000
272 23798300.000000
273 23996900.000000
274 23880400.000000
275 24983000.000000
276 23922000.000000
277 27309300.000000
278 23643700.000000
279 24254700.000000
280 23677600.000000
281 52749800.000000
282 24496500.000000
283 23534400.000000
284 23561800.000000
285 25675800.000000
286 23656600.000000
287 23702100.000000
288 24985400.000000
289 23725300.000000
290 24687000.000000
291 23608000.000000
292 24382600.000000
293 51483900.000000
294 23553900.000000
295 23759200.000000
296 23744600.000000
297 24389400.000000
298 23895300.000000
299 28603000.000000
300 24199000.000000
301 23584600.000000
302 24935600.000000
303 23681000.000000
304 56535300.000000
305 23769700.000000
306 25831100.000000
307 24529000.000000
308 23538400.000000
309 42543800.000000
310 53899900.000000
311 23618700.000000
312 23831000.000000
313 23556200.000000
314 23683700.000000
315 23562900.000000
316 48819200.000000
317 23665400.000000
318 58944900.000000
319 23502900.000000
320 23737400.000000
321 23471100.000000
322 23503500.000000
323 23967600.000000
324 23555800.000000
325 24383900.000000
326 23542900.000000
327 24516800.000000
328 23586800.000000
329 23561200.000000
330 23768200.000000
331 23554400.000000
332 25900400.000000
333 23661200.000000
334 23731200.000000
335 23626200.000000
336 25941600.000000
337 24186700.000000
338 23440100.000000
339 56452000.000000
340 23565600.000000
341 53462500.000000
342 23540800.000000
343 55105000.000000
344 23683200.000000
345 23609700.000000
346 26324400.000000
347 24618600.000000
348 23685400.000000
349 23731700.000000
350 23856600.000000
351 23794200.000000
352 23602500.000000
353 23604500.000000
354 23615700.000000
355 25055400.000000
356 24226800.000000
357 24884200.000000
358 23662800.000000
359 54478000.000000
360 23571200.000000
361 24569100.000000
362 23516000.000000
363 23712100.000000
364 23533800.000000
365 23605600.000000
366 24348700.000000
367 24997300.000000
368 24693100.000000
369 25256300.000000
370 24467300.000000
371 24880600.000000
372 23496600.000000
373 25244800.000000
374 23515000.000000
375 23723900.000000
376 23711200.000000
377 23758600.000000
378 23633000.000000
379 24331800.000000
380 23670700.000000
381 26445000.000000
382 23660300.000000
383 23551800.000000
384 23650100.000000
385 23511400.000000
386 23606800.000000
387 24894600.000000
388 23716300.000000
389 24764100.000000
390 23525600.000000
391 23922500.000000
392 23528100.000000
393 23665700.000000
394 23552800.000000
395 25373600.000000
396 55781700.000000
397 23646400.000000
398 23549800.000000
399 25425300.000000
400 23603800.000000
401 23615100.000000
402 23542600.000000
403 23495300.000000
404 24151200.000000
405 23631600.000000
406 24058700.000000
407 23652500.000000
408 24269800.000000
409 25148600.000000
410 23603600.000000
411 25655900.000000
412 23550800.000000
413 24974300.000000
414 23626500.000000
415 23601500.000000
416 23577100.000000
417 23591400.000000
418 23505400.000000
419 23689200.000000
420 23986000.000000
421 23749100.000000
422 24743200.000000
423 24183900.000000
424 24934000.000000
425 23638300.000000
426 23877200.000000
427 23679100.000000
428 24535200.000000
429 24628700.000000
430 23573400.000000
431 23616900.000000
432 24696500.000000
433 25077200.000000
434 23745000.000000
435 23722600.000000
436 23672100.000000
437 23466200.000000
438 23477700.000000
439 23810200.000000
440 25454100.000000
441 24172300.000000
442 23493100.000000
443 23565700.000000
444 23713900.000000
445 24778200.000000
446 24873600.000000
447 23718600.000000
448 24295800.000000
449 24998200.000000
450 23558300.000000
451 23893700.000000
452 24020000.000000
453 23771500.000000
454 24180800.000000
455 23650800.000000
456 25511100.000000
457 23585400.000000
458 23636000.000000
459 55570600.000000
460 25238300.000000
461 26224100.000000
462 23538200.000000
463 23955200.000000
464 24388000.000000
465 23999200.000000
466 23594600.000000
467 23683500.000000
468 23641900.000000
469 27956900.000000
470 23891400.000000
471 23626300.000000
472 23711900.000000
473 23608400.000000
474 23615100.000000
475 24679400.000000
476 25972200.000000
477 23596200.000000
478 24352400.000000
479 24258300.000000
480 23694300.000000
481 25477100.000000
482 23582400.000000
483 23649200.000000
484 23480400.000000
485 23631200.000000
486 24593400.000000
487 23654500.000000
488 23602000.000000
489 23609400.000000
490 23877200.000000
491 24342600.000000
492 24103400.000000
493 23497400.000000
494 23501500.000000
495 28334400.000000
496 23654000.000000
497 23484600.000000
498 23784400.000000
499 23582800.000000
500 23712100.000000
501 23504800.000000
502 24218800.000000
503 23550400.000000
504 25391500.000000
505 23677600.000000
506 23705300.000000
507 23487600.000000
508 23577600.000000
509 23480800.000000
510 23624100.000000
511 24135500.000000
512 23664100.000000
513 23503800.000000
514 23693400.000000
515 23805400.000000
516 23840600.000000
517 23661600.000000
518 24306800.000000
519 24186500.000000
520 24453100.000000
521 24147200.000000
522 25171300.000000
523 23611000.000000
524 26483000.000000
525 23612500.000000
526 23546600.000000
527 25271800.000000
528 23550300.000000
529 23913600.000000
530 23962700.000000
531 23529600.000000
532 23695000.000000
533 24258700.000000
534 23472300.000000
535 24436000.000000
536 24105800.000000
537 23521100.000000
538 23524300.000000
539 23636300.000000
540 23654200.000000
541 23677500.000000
542 23513700.000000
543 24145800.000000
544 23886900.000000
545 23501300.000000
546 23530700.000000
547 23726600.000000
548 23690800.000000
549 24339100.000000
550 23616900.000000
551 23629200.000000
552 23703000.000000
553 29275700.000000
554 23675900.000000
555 23684400.000000
556 25542900.000000
557 23600600.000000
558 53543900.000000
559 55262600.000000
560 23746200.000000
561 25702000.000000
562 54211000.000000
563 24403700.000000
564 24625700.000000
565 24756300.000000
566 24242900.000000
567 23652000.000000
568 55049000.000000
569 24507700.000000
570 23698300.000000
571 90763300.000000
572 28720800.000000
573 24654600.000000
574 23848300.000000
575 23825900.000000
576 24245900.000000
577 23597500.000000
578 24770200.000000
579 23656900.000000
580 23620800.000000
581 25397500.000000
582 23739800.000000
583 23829800.000000
584 25107300.000000
585 53561900.000000
586 24357900.000000
587 23860800.000000
588 24774400.000000
589 23621500.000000
590 23527100.000000
591 25712300.000000
592 23606800.000000
593 23627300.000000
594 53054200.000000
595 23611000.000000
596 24243100.000000
597 23867600.000000
598 32027600.000000
599 24779600.000000
600 23741000.000000
601 54973700.000000
602 24285000.000000
603 23613200.000000
604 23875900.000000
605 23559000.000000
606 23626800.000000
607 24316000.000000
608 23534400.000000
609 24512100.000000
610 24099400.000000
611 23600300.000000
612 24061400.000000
613 24540800.000000
614 23598600.000000
615 23558600.000000
616 23887500.000000
617 24469200.000000
618 23640300.000000
619 23531500.000000
620 25128900.000000
621 23903900.000000
622 25107200.000000
623 24498700.000000
624 23488600.000000
625 24232800.000000
626 23794700.000000
627 23617700.000000
628 23726000.000000
629 24299100.000000
630 23598900.000000
631 23578200.000000
632 23671100.000000
633 24302200.000000
634 24112000.000000
635 23568100.000000
636 24358700.000000
637 24249200.000000
638 23682000.000000
639 54149800.000000
640 24069100.000000
641 24403600.000000
642 23610900.000000
643 24951800.000000
644 25011200.000000
645 23503100.000000
646 24239500.000000
647 23508700.000000
648 23535100.000000
649 23603700.000000
650 25884300.000000
651 23690000.000000
652 23689700.000000
653 23797400.000000
654 23691700.000000
655 23782700.000000
656 23778200.000000
657 23759800.000000
658 23535300.000000
659 23775600.000000
660 24003700.000000
661 23892300.000000
662 23628100.000000
663 23847500.000000
664 24532800.000000
665 24481900.000000
666 23553300.000000
667 26287800.000000
668 23588900.000000
669 24213300.000000
670 24454800.000000
671 23716100.000000
672 23655700.000000
673 24522900.000000
674 24179200.000000
675 23479200.000000
676 23844900.000000
677 23618400.000000
678 24004600.000000
679 23575200.000000
680 23576800.000000
681 23561600.000000
682 24267400.000000
683 24495800.000000
684 26149400.000000
685 25003400.000000
686 23929800.000000
687 24957800.000000
688 24559600.000000
689 24256200.000000
690 24548600.000000
691 24765200.000000
692 24311600.000000
693 23998000.000000
694 25328500.000000
695 24162300.000000
696 23670900.000000
697 24117100.000000
698 23682100.000000
699 23566500.000000
700 23952400.000000
701 24271100.000000
702 23721000.000000
703 23517700.000000
704 24652800.000000
705 24704900.000000
706 25052800.000000
707 24256600.000000
708 24310000.000000
709 24542100.000000
710 25882900.000000
711 23636100.000000
712 23542800.000000
713 24508900.000000
714 55102300.000000
715 23517500.000000
716 25142800.000000
717 25703900.000000
718 24369600.000000
719 25280800.000000
720 23571900.000000
721 25095200.000000
722 24254700.000000
723 23662200.000000
724 24375400.000000
725 23649900.000000
726 24166500.000000
727 26464900.000000
728 23757900.000000
729 23617900.000000
730 23550400.000000
731 23653700.000000
732 25686200.000000
733 23596300.000000
734 54902500.000000
735 23535800.000000
736 24946700.000000
737 23752700.000000
738 26048300.000000
739 23516300.000000
740 24217200.000000
741 24099900.000000
742 23648900.000000
743 23595500.000000
744 23687600.000000
745 23827200.000000
746 24314200.000000
747 23609100.000000
748 25365100.000000
749 56751600.000000
750 24238900.000000
751 23593000.000000
752 23724400.000000
753 24224100.000000
754 23588900.000000
755 24268000.000000
756 23910700.000000
757 23541200.000000
758 23837400.000000
759 23691800.000000
760 23790200.000000
761 23552800.000000
762 24709500.000000
763 25162900.000000
764 24201400.000000
765 23685500.000000
766 23731400.000000
767 23569200.000000
768 23570100.000000
769 23546100.000000
770 23916900.000000
771 24284100.000000
772 24149700.000000
773 24226500.000000
774 23736300.000000
775 23922500.000000
776 24467400.000000
777 23637100.000000
778 23899400.000000
779 23655900.000000
780 43300700.000000
781 23675200.000000
782 52996900.000000
783 23572200.000000
784 23694700.000000
785 23744000.000000
786 23815100.000000
787 23580200.000000
788 23651900.000000
789 23580500.000000
790 23713600.000000
791 23554400.000000
792 23567900.000000
793 23560700.000000
794 25663800.000000
795 24300200.000000
796 53749400.000000
797 24232400.000000
798 23652800.000000
799 23598600.000000
800 24397600.000000
801 23576000.000000
802 24606700.000000
803 23651700.000000
804 24198500.000000
805 23559800.000000
806 23568500.000000
807 25579500.000000
808 24314300.000000
809 23607100.000000
810 23567000.000000
811 24259600.000000
812 23689000.000000
813 23575500.000000
814 23621100.000000
815 24334500.000000
816 23945000.000000
817 31182500.000000
818 23466200.000000
819 23628200.000000
820 23675400.000000
821 23472500.000000
822 23569100.000000
823 24587400.000000
824 23640500.000000
825 23834200.000000
826 23751600.000000
827 23671600.000000
828 26496300.000000
829 24496800.000000
830 23915200.000000
831 23535600.000000
832 23599700.000000
833 23653300.000000
834 24278700.000000
835 23868700.000000
836 23556800.000000
837 24335200.000000
838 23729000.000000
839 25498200.000000
840 23648200.000000
841 23849900.000000
842 23720900.000000
843 23828200.000000
844 24234500.000000
845 23505100.000000
846 23662400.000000
847 23578100.000000
848 23470500.000000
849 23732100.000000
850 24289300.000000
851 27158200.000000
852 24581500.000000
853 23634000.000000
854 24313000.000000
855 23638200.000000
856 23630400.000000
857 24064600.000000
858 24246200.000000
859 23636100.000000
860 23560700.000000
861 23790300.000000
862 23645100.000000
863 23535500.000000
864 23679000.000000
865 24648500.000000
866 23496300.000000
867 23493900.000000
868 23713300.000000
869 24176500.000000
870 23531900.000000
871 23485500.000000
872 26838900.000000
873 25993900.000000
874 23528800.000000
875 23561300.000000
876 23922100.000000
877 23588500.000000
878 24616300.000000
879 24162600.000000
880 23727900.000000
881 23819500.000000
882 23614700.000000
883 23690300.000000
884 23593600.000000
885 25422800.000000
886 24250900.000000
887 23813000.000000
888 24602000.000000
889 23570400.000000
890 23734800.000000
891 24437000.000000
892 54837900.000000
893 24155100.000000
894 23891800.000000
895 23498500.000000
896 24058700.000000
897 24231400.000000
898 23558600.000000
899 23638000.000000
900 24306100.000000
901 24201300.000000
902 23492900.000000
903 24316500.000000
904 24477100.000000
905 23520300.000000
906 24784200.000000
907 23712300.000000
908 23614900.000000
909 23586500.000000
910 23608700.000000
911 23633800.000000
912 24387500.000000
913 23709900.000000
914 55940100.000000
915 23499300.000000
916 23474100.000000
917 25061100.000000
918 24462900.000000
919 23503800.000000
920 26156200.000000
921 23591500.000000
922 23574100.000000
923 23918900.000000
924 57956100.000000
925 23645800.000000
926 25765700.000000
927 23618100.000000
928 23721000.000000
929 23689500.000000
930 24271800.000000
931 23657800.000000
932 23493800.000000
933 24114100.000000
934 24485400.000000
935 26361000.000000
936 25062900.000000
937 24440000.000000
938 23574200.000000
939 23629300.000000
940 26597900.000000
941 23565400.000000
942 24270100.000000
943 24922600.000000
944 23540900.000000
945 23704800.000000
946 24372100.000000
947 27912100.000000
948 24339100.000000
949 23647100.000000
950 24064200.000000
951 23637400.000000
952 23880900.000000
953 23632900.000000
954 23678200.000000
955 23681000.000000
956 24239500.000000
957 23594100.000000
958 24395700.000000
959 23705900.000000
960 23745900.000000
961 24278600.000000
962 25813500.000000
963 23588000.000000
964 23695700.000000
965 23660500.000000
966 23487300.000000
967 23807400.000000
968 23668100.000000
969 23602000.000000
970 23675800.000000
971 23598300.000000
972 24772900.000000
973 23556300.000000
974 27140800.000000
975 26469100.000000
976 36107800.000000
977 24032500.000000
978 41109800.000000
979 23620100.000000
980 38856400.000000
981 23992100.000000
982 24137300.000000
983 23633900.000000
984 23753800.000000
985 41756300.000000
986 23837300.000000
987 23702100.000000
988 23530800.000000
989 26043700.000000
990 23677800.000000
991 28215700.000000
992 24106000.000000
993 23547900.000000
994 24133400.000000
995 23686600.000000
996 23592000.000000
997 24708900.000000
998 23548200.000000
999 23671500.000000
1000 25607100.000000
1001 23662000.000000
1002 23719700.000000
1003 23614800.000000
1004 24926700.000000
1005 23742500.000000
1006 23649400.000000
1007 23985900.000000
1008 24731200.000000
1009 23537200.000000
1010 24418300.000000
1011 32886900.000000
1012 24920600.000000
1013 24025700.000000
1014 23658500.000000
1015 23634500.000000
1016 24167800.000000
1017 23869100.000000
1018 23617600.000000
1019 23708500.000000
1020 23671400.000000
1021 27700700.000000
1022 23761500.000000
1023 23558500.000000
1024 23582000.000000
1025 24016300.000000
1026 23892000.000000
1027 23657300.000000
1028 25896000.000000
1029 23681800.000000
1030 25396500.000000
1031 23835900.000000
1032 23975600.000000
1033 23748600.000000
1034 23573500.000000
1035 23757500.000000
1036 23634000.000000
1037 23797200.000000
1038 23582700.000000
1039 23595500.000000
1040 23572400.000000
1041 24118100.000000
1042 23674800.000000
1043 23488700.000000
1044 23634800.000000
1045 24619300.000000
1046 25307000.000000
1047 23539700.000000
1048 23584500.000000
1049 23745900.000000
1050 23791100.000000
1051 23540400.000000
1052 23829800.000000
1053 24063200.000000
1054 23688400.000000
1055 24583800.000000
1056 23983900.000000
1057 43322800.000000
1058 24469100.000000
1059 23993000.000000
1060 24031500.000000
1061 23934000.000000
1062 23604600.000000
1063 24012500.000000
1064 24298300.000000
1065 23884100.000000
1066 23910700.000000
1067 23732300.000000
1068 23804100.000000
1069 24381200.000000
1070 23685400.000000
1071 24592200.000000
1072 23546800.000000
1073 24309900.000000
1074 23648900.000000
1075 23716000.000000
1076 23585400.000000
1077 37426100.000000
1078 23972200.000000
1079 23650900.000000
1080 23982600.000000
1081 23533400.000000
1082 34776600.000000
1083 24056100.000000
1084 23643300.000000
1085 23642100.000000
1086 23678700.000000
1087 24517000.000000
1088 23720500.000000
1089 24879900.000000
1090 24232100.000000
1091 23977700.000000
1092 23715300.000000
1093 23742300.000000
1094 23607400.000000
1095 25633600.000000
1096 39105500.000000
1097 23822700.000000
1098 23734500.000000
1099 23679300.000000
1100 24407200.000000
1101 23958000.000000
1102 23673400.000000
1103 23611000.000000
1104 23911500.000000
1105 24243800.000000
1106 24089200.000000
1107 23516100.000000
1108 23725600.000000
1109 23745800.000000
1110 23704600.000000
1111 23637800.000000
1112 23768000.000000
1113 23579800.000000
1114 23840800.000000
1115 25523100.000000
1116 24310900.000000
1117 23902000.000000
1118 27689500.000000
1119 24996700.000000
1120 27769400.000000
1121 23772900.000000
1122 26086700.000000
1123 23553100.000000
1124 31378500.000000
1125 24257900.000000
1126 23610700.000000
1127 23782100.000000
1128 24052000.000000
1129 24201900.000000
1130 23964700.000000
1131 24629400.000000
1132 23654500.000000
1133 23611000.000000
1134 24151500.000000
1135 24461500.000000
1136 24053300.000000
1137 23745700.000000
1138 24661900.000000
1139 26217000.000000
1140 23546000.000000
1141 23707500.000000
1142 23988300.000000
1143 23727000.000000
1144 24337800.000000
1145 23606900.000000
1146 23792100.000000
1147 23796800.000000
1148 24347300.000000
1149 23599400.000000
1150 23827500.000000
1151 23759500.000000
1152 25994400.000000
1153 23735000.000000
1154 23751500.000000
1155 45363000.000000
1156 24502700.000000
1157 23725900.000000
1158 24178800.000000
1159 26017800.000000
1160 23892000.000000
1161 24292400.000000
1162 23794900.000000
1163 23646500.000000
1164 23678200.000000
1165 23554100.000000
1166 27648700.000000
1167 23652500.000000
1168 23602400.000000
1169 23575600.000000
1170 23514500.000000
1171 24066700.000000
1172 23813000.000000
1173 23575800.000000
1174 23785600.000000
1175 24354800.000000
1176 23634600.000000
1177 30252400.000000
1178 24343200.000000
1179 23730700.000000
1180 24923700.000000
1181 23919700.000000
1182 23667800.000000
1183 25320000.000000
1184 23619000.000000
1185 24964300.000000
1186 24740200.000000
1187 23611200.000000
1188 23852400.000000
1189 23647200.000000
1190 26026100.000000
1191 23763800.000000
1192 24448700.000000
1193 24228400.000000
1194 25386300.000000
1195 24362900.000000
1196 24081200.000000
1197 23633600.000000
1198 24257200.000000
1199 23594000.000000
1200 23627200.000000
1201 27318000.000000
1202 24298300.000000
1203 23841700.000000
1204 23572000.000000
1205 23792900.000000
1206 24381200.000000
1207 23671000.000000
1208 24157400.000000
1209 23906300.000000
1210 23606000.000000
1211 24275200.000000
1212 24839400.000000
1213 23649500.000000
1214 26563700.000000
1215 23894200.000000
1216 23852500.000000
1217 23674200.000000
1218 23743600.000000
1219 23701100.000000
1220 25434500.000000
1221 23766400.000000
1222 24279500.000000
1223 24355500.000000
1224 23795500.000000
1225 23778000.000000
1226 25077900.000000
1227 23557500.000000
1228 24643600.000000
1229 24413200.000000
1230 24478000.000000
1231 23621400.000000
1232 23635400.000000
1233 23752900.000000
1234 23551600.000000
1235 23515700.000000
1236 23557100.000000
1237 24897000.000000
1238 25012600.000000
1239 24847700.000000
1240 25688600.000000
1241 23475000.000000
1242 23761800.000000
1243 23861600.000000
1244 23488300.000000
1245 23792400.000000
1246 23535100.000000
1247 24289100.000000
1248 24265700.000000
1249 28165300.000000
1250 24254400.000000
1251 24359800.000000
1252 37584100.000000
1253 23513900.000000
1254 23715400.000000
1255 23605800.000000
1256 23737400.000000
1257 23592000.000000
1258 24307700.000000
1259 23793600.000000
1260 26314600.000000
1261 24911000.000000
1262 23530900.000000
1263 23580500.000000
1264 24889000.000000
1265 57125700.000000
1266 25263600.000000
1267 23665800.000000
1268 23546500.000000
1269 23486100.000000
1270 23566400.000000
1271 23706600.000000
1272 24270700.000000
1273 23509900.000000
1274 23613500.000000
1275 23955300.000000
1276 23621400.000000
1277 23542400.000000
1278 54824800.000000
1279 23643000.000000
1280 23685100.000000
1281 23528800.000000
1282 51046000.000000
1283 23658800.000000
1284 24422900.000000
1285 23649800.000000
1286 24415400.000000
1287 24450700.000000
1288 26167400.000000
1289 24376100.000000
1290 24493000.000000
1291 23619400.000000
1292 25394000.000000
1293 23645900.000000
1294 52880300.000000
1295 23642900.000000
1296 23636500.000000
1297 25329000.000000
1298 25858000.000000
1299 23467600.000000
1300 23568900.000000
1301 23582300.000000
1302 23676100.000000
1303 24629300.000000
1304 27909500.000000
1305 23532700.000000
1306 23903000.000000
1307 24593700.000000
1308 24097400.000000
1309 23573500.000000
1310 23612100.000000
1311 23590500.000000
1312 54142700.000000
1313 23887500.000000
1314 23535200.000000
1315 25161300.000000
1316 23552700.000000
1317 23641900.000000
1318 24106000.000000
1319 23729000.000000
1320 23601900.000000
1321 23939300.000000
1322 24741800.000000
1323 23541200.000000
1324 23517300.000000
1325 54786700.000000
1326 23610400.000000
1327 24441200.000000
1328 24256800.000000
1329 23595100.000000
1330 23637500.000000
1331 23600500.000000
1332 23769600.000000
1333 23659700.000000
1334 24644900.000000
1335 23537000.000000
1336 23562700.000000
1337 23635200.000000
1338 24346300.000000
1339 23476500.000000
1340 24263100.000000
1341 23494300.000000
1342 23522000.000000
1343 23737000.000000
1344 23554600.000000
1345 23747800.000000
1346 24144200.000000
1347 24277400.000000
1348 23541900.000000
1349 23694500.000000
1350 23802400.000000
1351 24066500.000000
1352 24324500.000000
1353 23645200.000000
1354 23579200.000000
1355 23579700.000000
1356 23926500.000000
1357 24258200.000000
1358 23766500.000000
1359 23629300.000000
1360 24139200.000000
1361 23670200.000000
1362 27848100.000000
1363 24376600.000000
1364 23546100.000000
1365 23515900.000000
1366 23703000.000000
1367 23902700.000000
1368 23723900.000000
1369 23842400.000000
1370 23472300.000000
1371 23674900.000000
1372 23644000.000000
1373 23515900.000000
1374 44463700.000000
1375 25682500.000000
1376 24361200.000000
1377 24543000.000000
1378 23590600.000000
1379 23510000.000000
1380 25518300.000000
1381 23493100.000000
1382 24267000.000000
1383 23622400.000000
1384 49169500.000000
1385 23690200.000000
1386 25061400.000000
1387 25627800.000000
1388 23674300.000000
1389 26314800.000000
1390 24238400.000000
1391 23574800.000000
1392 24366100.000000
1393 23686500.000000
1394 24228400.000000
1395 23599000.000000
1396 58559300.000000
1397 23585800.000000
1398 24112600.000000
1399 23673400.000000
1400 23658300.000000
1401 24316600.000000
1402 23646000.000000
1403 23649700.000000
1404 23761600.000000
1405 24313500.000000
1406 24222200.000000
1407 24330400.000000
1408 24459900.000000
1409 23744600.000000
1410 23970000.000000
1411 23798300.000000
1412 23574200.000000
1413 24361000.000000
1414 56947900.000000
1415 23591800.000000
1416 23511700.000000
1417 53946500.000000
1418 23588700.000000
1419 24440200.000000
1420 23587700.000000
1421 24896900.000000
1422 23696700.000000
1423 23771900.000000
1424 23733900.000000
1425 23499900.000000
1426 23876300.000000
1427 23838000.000000
1428 24925100.000000
1429 23628000.000000
1430 26375800.000000
1431 23496900.000000
1432 24135600.000000
1433 24971100.000000
1434 24511200.000000
1435 24136000.000000
1436 23738700.000000
1437 23548400.000000
1438 23594300.000000
1439 24431700.000000
1440 26326000.000000
1441 24269800.000000
1442 23519500.000000
1443 23787000.000000
1444 23833300.000000
1445 23699700.000000
1446 24233700.000000
1447 23585000.000000
1448 23531900.000000
1449 24254100.000000
1450 23494700.000000
1451 23561000.000000
1452 24304900.000000
1453 27666000.000000
1454 25779000.000000
1455 23638100.000000
1456 23454000.000000
1457 23785700.000000
1458 23739000.000000
1459 23672700.000000
1460 25206700.000000
1461 23552500.000000
1462 23975000.000000
1463 23742800.000000
1464 57380900.000000
1465 23505800.000000
1466 23921800.000000
1467 23628200.000000
1468 24185200.000000
1469 26267400.000000
1470 23757400.000000
1471 23701300.000000
1472 23594600.000000
1473 23747700.000000
1474 54495400.000000
1475 24495000.000000
1476 52029700.000000
1477 23588600.000000
1478 23637300.000000
1479 23761500.000000
1480 23545700.000000
1481 23905200.000000
1482 24230300.000000
1483 24680100.000000
1484 23576600.000000
1485 24263200.000000
1486 23662800.000000
1487 24977400.000000
1488 23651500.000000
1489 23652400.000000
1490 23631400.000000
1491 51067800.000000
1492 51705100.000000
1493 24280700.000000
1494 23709000.000000
1495 24295900.000000
1496 25030500.000000
1497 23700300.000000
1498 23703200.000000
1499 23608300.000000
1500 23504100.000000
1501 24587800.000000
1502 24539200.000000
1503 23465600.000000
1504 24339400.000000
1505 23619200.000000
1506 23629800.000000
1507 23673700.000000
1508 23612700.000000
1509 23585100.000000
1510 24460900.000000
1511 24181700.000000
1512 23750400.000000
1513 23629300.000000
1514 23647800.000000
1515 23635900.000000
1516 25493000.000000
1517 23634700.000000
1518 24049100.000000
1519 23606800.000000
1520 23560900.000000
1521 26145000.000000
1522 27323100.000000
1523 23548300.000000
1524 23683600.000000
1525 25611600.000000
1526 23538500.000000
1527 24183400.000000
1528 24415900.000000
1529 52103000.000000
1530 23648600.000000
1531 23972800.000000
1532 23544800.000000
1533 23638600.000000
1534 23638900.000000
1535 24433400.000000
1536 23550800.000000
1537 51725900.000000
1538 23614600.000000
1539 23705000.000000
1540 24630300.000000
1541 23788100.000000
1542 23676700.000000
1543 53614400.000000
1544 52508100.000000
1545 23684100.000000
1546 24265600.000000
1547 23828300.000000
1548 23666300.000000
1549 52309600.000000
1550 23629300.000000
1551 23526200.000000
1552 23601800.000000
1553 24025200.000000
1554 23644700.000000
1555 24409400.000000
1556 23713900.000000
1557 23601900.000000
1558 23715400.000000
1559 23489900.000000
1560 23727700.000000
1561 24199200.000000
1562 24394800.000000
1563 25576200.000000
1564 23591400.000000
1565 26609200.000000
1566 23976100.000000
1567 23486400.000000
1568 23826300.000000
1569 23813700.000000
1570 24164000.000000
1571 23687200.000000
1572 23680700.000000
1573 24264300.000000
1574 24473300.000000
1575 54230600.000000
1576 24311700.000000
1577 23955500.000000
1578 23637300.000000
1579 24268200.000000
1580 23665700.000000
1581 23987300.000000
1582 23821000.000000
1583 24482300.000000
1584 23891200.000000
1585 24647400.000000
1586 24976400.000000
1587 23755200.000000
1588 23733700.000000
1589 23712600.000000
1590 24048300.000000
1591 23505700.000000
1592 25129800.000000
1593 23567400.000000
1594 23562000.000000
1595 23619000.000000
1596 24344600.000000
1597 23919800.000000
1598 23648700.000000
1599 23686300.000000
1600 23644600.000000
1601 24650300.000000
1602 23864600.000000
1603 23776000.000000
1604 23782700.000000
1605 24245500.000000
1606 23767600.000000
1607 24213000.000000
1608 23601300.000000
1609 24164600.000000
1610 23475500.000000
1611 23712000.000000
1612 24238200.000000
1613 23660900.000000
1614 23676600.000000
1615 23516400.000000
1616 23574600.000000
1617 23822000.000000
1618 25223800.000000
1619 23852200.000000
1620 23633800.000000
1621 23840700.000000
1622 23582200.000000
1623 24719800.000000
1624 53710800.000000
1625 23550400.000000
1626 26343400.000000
1627 23665500.000000
1628 24477700.000000
1629 23604200.000000
1630 23557300.000000
1631 23920400.000000
1632 24301400.000000
1633 23571400.000000
1634 23516600.000000
1635 23995500.000000
1636 23786300.000000
1637 53257400.000000
1638 24861800.000000
1639 24584100.000000
1640 23715500.000000
1641 55248900.000000
1642 24945000.000000
1643 23504800.000000
1644 23515900.000000
1645 24131500.000000
1646 24164100.000000
1647 24023700.000000
1648 23571600.000000
1649 23805400.000000
1650 23949800.000000
1651 23597000.000000
1652 23689500.000000
1653 24320300.000000
1654 24207500.000000
1655 24478800.000000
1656 23634800.000000
1657 23549500.000000
1658 23512200.000000
1659 24371200.000000
1660 24084200.000000
1661 23534900.000000
1662 24524200.000000
1663 23701800.000000
1664 24415900.000000
1665 25442800.000000
1666 23589000.000000
1667 23653200.000000
1668 23540600.000000
1669 23623600.000000
1670 24794000.000000
1671 59019300.000000
1672 24680900.000000
1673 24287300.000000
1674 23738600.000000
1675 23842500.000000
1676 23526900.000000
1677 24486100.000000
1678 23622600.000000
1679 23511100.000000
1680 24786200.000000
1681 23753400.000000
1682 23654000.000000
1683 23926800.000000
1684 23836600.000000
1685 23923500.000000
1686 23700800.000000
1687 23795600.000000
1688 51392100.000000
1689 23506200.000000
1690 23917500.000000
1691 24293600.000000
1692 23611400.000000
1693 23736600.000000
1694 24588300.000000
1695 23587900.000000
1696 24303200.000000
1697 23575000.000000
1698 54373200.000000
1699 23581000.000000
1700 23475300.000000
1701 23775200.000000
1702 23634900.000000
1703 23833400.000000
1704 23585600.000000
1705 23816800.000000
1706 23740500.000000
1707 23478300.000000
1708 23583100.000000
1709 23555900.000000
1710 23636100.000000
1711 23900600.000000
1712 23914100.000000
1713 24581500.000000
1714 23666400.000000
1715 25659900.000000
1716 23545300.000000
1717 24344300.000000
1718 24203500.000000
1719 23617600.000000
1720 26584000.000000
1721 23511400.000000
1722 24185700.000000
1723 24759800.000000
1724 23623200.000000
1725 24481600.000000
1726 55437400.000000
1727 23553500.000000
1728 24028100.000000
1729 23622600.000000
1730 23968700.000000
1731 24241700.000000
1732 24231000.000000
1733 23854000.000000
1734 23695800.000000
1735 24267800.000000
1736 23641100.000000
1737 24238600.000000
1738 23546200.000000
1739 24076800.000000
1740 23767700.000000
1741 23499200.000000
1742 23581900.000000
1743 23733700.000000
1744 23828600.000000
1745 24367100.000000
1746 24348900.000000
1747 24075400.000000
1748 23702600.000000
1749 23887600.000000
1750 57159200.000000
1751 23536400.000000
1752 25295500.000000
1753 24740600.000000
1754 24488300.000000
1755 23741800.000000
1756 23620200.000000
1757 23590700.000000
1758 23979400.000000
1759 27529000.000000
1760 24289300.000000
1761 23638000.000000
1762 23508100.000000
1763 25280500.000000
1764 23452300.000000
1765 23625000.000000
1766 23541800.000000
1767 24043700.000000
1768 23619900.000000
1769 23670300.000000
1770 24819700.000000
1771 54120400.000000
1772 24310100.000000
1773 23679200.000000
1774 23527600.000000
1775 55708100.000000
1776 23601400.000000
1777 24502400.000000
1778 24243700.000000
1779 23791800.000000
1780 23605000.000000
1781 23791900.000000
1782 23457400.000000
1783 23870800.000000
1784 23911000.000000
1785 23740700.000000
1786 24312500.000000
1787 23996800.000000
1788 23530700.000000
1789 24536200.000000
1790 23581600.000000
1791 25427600.000000
1792 23580800.000000
1793 23517600.000000
1794 23901200.000000
1795 23896600.000000
1796 24257200.000000
1797 23745500.000000
1798 55437800.000000
1799 23725600.000000
1800 24758400.000000
1801 24224900.000000
1802 23622300.000000
1803 26588900.000000
1804 23644300.000000
1805 23549100.000000
1806 46255000.000000
1807 23651200.000000
1808 23765400.000000
1809 23631700.000000
1810 24814300.000000
1811 24867600.000000
1812 23644100.000000
1813 23564500.000000
1814 23772900.000000
1815 56494700.000000
1816 23804900.000000
1817 23651700.000000
1818 24555500.000000
1819 23638100.000000
1820 23958600.000000
1821 24984800.000000
1822 24383800.000000
1823 23724800.000000
1824 23614400.000000
1825 23797800.000000
1826 24296700.000000
1827 23747000.000000
1828 23631800.000000
1829 23707000.000000
1830 53152600.000000
1831 23750400.000000
1832 23532000.000000
1833 23568300.000000
1834 23564100.000000
1835 24091600.000000
1836 23657800.000000
1837 24060600.000000
1838 23767400.000000
1839 23497900.000000
1840 23646900.000000
1841 23630900.000000
1842 28501400.000000
1843 24614300.000000
1844 23667900.000000
1845 23959800.000000
1846 23646200.000000
1847 24694100.000000
1848 23815100.000000
1849 23541300.000000
1850 24330000.000000
1851 24589600.000000
1852 24237300.000000
1853 25931100.000000
1854 23542300.000000
1855 23718500.000000
1856 23526200.000000
1857 23700700.000000
1858 23714700.000000
1859 24371900.000000
1860 23666000.000000
1861 23959300.000000
1862 24224800.000000
1863 24286400.000000
1864 23534600.000000
1865 30180000.000000
1866 23911600.000000
1867 23555300.000000
1868 23547200.000000
1869 23716800.000000
1870 23754800.000000
1871 23626900.000000
1872 24140300.000000
1873 23653400.000000
1874 23617800.000000
1875 23651800.000000
1876 23505900.000000
1877 23781400.000000
1878 23720100.000000
1879 23755700.000000
1880 24355300.000000
1881 24424400.000000
1882 23599300.000000
1883 24662200.000000
1884 23636600.000000
1885 23525300.000000
1886 24420800.000000
1887 24012500.000000
1888 61526400.000000
1889 25537900.000000
1890 24556000.000000
1891 54959700.000000
1892 25519300.000000
1893 23504000.000000
1894 23590500.000000
1895 24284900.000000
1896 25020800.000000
1897 23846300.000000
1898 23623300.000000
1899 23460400.000000
1900 24398700.000000
1901 23641000.000000
1902 24074700.000000
1903 24657000.000000
1904 23600200.000000
1905 25928900.000000
1906 24137300.000000
1907 23720700.000000
1908 23645200.000000
1909 50186000.000000
1910 52778700.000000
1911 52743600.000000
1912 23571100.000000
1913 24246800.000000
1914 23612500.000000
1915 24670000.000000
1916 24398900.000000
1917 24458700.000000
1918 25462800.000000
1919 23499500.000000
1920 25745800.000000
1921 24633900.000000
1922 24010700.000000
1923 23667600.000000
1924 24287700.000000
1925 23644900.000000
1926 23626200.000000
1927 23805400.000000
1928 23544100.000000
1929 23627100.000000
1930 23670400.000000
1931 25826300.000000
1932 23546300.000000
1933 23658800.000000
1934 24305300.000000
1935 23757200.000000
1936 24273700.000000
1937 23599600.000000
1938 24281100.000000
1939 25019700.000000
1940 23707400.000000
1941 24766800.000000
1942 24333900.000000
1943 24112200.000000
1944 23623800.000000
1945 23468600.000000
1946 25183700.000000
1947 23542000.000000
1948 24176300.000000
1949 24263600.000000
1950 23706800.000000
1951 56051600.000000
1952 23613300.000000
1953 23778300.000000
1954 54334700.000000
1955 23799700.000000
1956 23649900.000000
1957 55798400.000000
1958 23737200.000000
1959 23611000.000000
1960 24316200.000000
1961 23893900.000000
1962 23684300.000000
1963 57765700.000000
1964 23506000.000000
1965 48023000.000000
1966 52387300.000000
1967 24572100.000000
1968 24007700.000000
1969 24564700.000000
1970 23595200.000000
1971 24748600.000000
1972 23698400.000000
1973 23547700.000000
1974 23612100.000000
1975 24971800.000000
1976 25487300.000000
1977 23712500.000000
1978 56976700.000000
1979 24408400.000000
1980 24382800.000000
1981 23776200.000000
1982 24179400.000000
1983 23942800.000000
1984 23530700.000000
1985 23562000.000000
1986 23908900.000000
1987 24297400.000000
1988 24345200.000000
1989 24317900.000000
1990 23564900.000000
1991 52643300.000000
1992 23508400.000000
1993 23942200.000000
1994 23564300.000000
1995 23507700.000000
1996 23528900.000000
1997 23599800.000000
1998 23618700.000000
1999 23515100.000000
